2.000000000000000000e+00 6.501882352941176224e-01
1.100000000000000000e+01 6.501882352941176224e-01
1.000000000000000000e+00 5.262823529411764234e-01
1.000000000000000000e+01 5.262823529411764234e-01
4.000000000000000000e+00 3.743647058823529328e-01
1.300000000000000000e+01 3.743647058823529328e-01
1.200000000000000000e+01 2.504588235294117338e-01
3.000000000000000000e+00 2.504588235294117338e-01
1.500000000000000000e+01 -1.018352941176470239e-01
6.000000000000000000e+00 -1.018352941176470239e-01
1.400000000000000000e+01 -2.567176470588234394e-01
5.000000000000000000e+00 -2.567176470588234394e-01
1.700000000000000000e+01 -3.776588235294117135e-01
8.000000000000000000e+00 -3.776588235294117135e-01
1.800000000000000000e+01 -5.325411764705881845e-01
7.000000000000000000e+00 -5.325411764705881845e-01
1.600000000000000000e+01 -5.325411764705881845e-01
9.000000000000000000e+00 -5.325411764705881845e-01
