1.600000000000000000e+01 1.534823529411763754e-01
1.500000000000000000e+01 1.534823529411763754e-01
1.400000000000000000e+01 1.534823529411763754e-01
1.700000000000000000e+01 1.534823529411763754e-01
8.000000000000000000e+00 1.534823529411763754e-01
7.000000000000000000e+00 1.534823529411763754e-01
6.000000000000000000e+00 1.534823529411763754e-01
5.000000000000000000e+00 1.534823529411763754e-01
1.000000000000000000e+00 -3.583529411764702077e-02
2.000000000000000000e+00 -3.583529411764702077e-02
1.300000000000000000e+01 -3.583529411764702077e-02
1.200000000000000000e+01 -3.583529411764702077e-02
1.100000000000000000e+01 -3.583529411764702077e-02
1.000000000000000000e+01 -3.583529411764702077e-02
4.000000000000000000e+00 -3.583529411764702077e-02
3.000000000000000000e+00 -3.583529411764702077e-02
1.800000000000000000e+01 -4.705882352941174185e-01
9.000000000000000000e+00 -4.705882352941174185e-01
