1.600000000000000000e+01 5.817352941176470171e-01
1.500000000000000000e+01 5.817352941176470171e-01
1.400000000000000000e+01 5.817352941176470171e-01
1.700000000000000000e+01 5.817352941176470171e-01
1.300000000000000000e+01 4.896458823529410975e-01
1.100000000000000000e+01 4.896458823529410975e-01
1.200000000000000000e+01 4.875529411764705778e-01
1.000000000000000000e+01 4.875529411764705778e-01
1.800000000000000000e+01 4.833670588235294274e-01
4.000000000000000000e+00 -2.755505882352941027e-01
2.000000000000000000e+00 -2.755505882352941027e-01
8.000000000000000000e+00 -3.270399999999999419e-01
6.000000000000000000e+00 -3.270399999999999419e-01
3.000000000000000000e+00 -6.491823529411764326e-01
1.000000000000000000e+00 -6.491823529411764326e-01
5.000000000000000000e+00 -7.265117647058823014e-01
7.000000000000000000e+00 -7.265117647058823014e-01
9.000000000000000000e+00 -8.081364705882352339e-01
